0 0
0.05 0
0.1 0
0.15 0
0.2 0
0.25 0
0.3 0
0.35 0
0.4 0
0.45 0
0.5 0
0.55 0
0.6 0
0.65 0
0.7 0
0.75 0
0.8 0
0.85 0
0.9 0
0.95 0
1 0
1.05 0
1.1 0
1.15 0
1.2 0
1.25 0
1.3 0
1.35 0
1.4 0
1.45 0
1.5 0
1.55 0
1.6 0
1.65 0
1.7 0
1.75 0
1.8 0
1.85 0
1.9 0
1.95 0
2 0
2.05 0
2.1 0
2.15 0
2.2 0
2.25 0
2.3 0
2.35 0
2.4 0
2.45 0
2.5 0
2.55 0
2.6 0
2.65 0
2.7 0
2.75 0
2.8 0
2.85 0
2.9 0
2.95 0
3 0
3.05 0
3.1 0
3.15 0
3.2 0
3.25 0
3.3 0
3.35 0
3.4 0
3.45 0
3.5 0
3.55 0
3.6 0
3.65 0
3.7 0
3.75 0
3.8 0
3.85 0
3.9 0
3.95 0
4 0
4.05 0
4.1 0
4.15 0
4.2 0
4.25 0
4.3 0
4.35 0
4.4 0
4.45 0
4.5 0
4.55 0
4.6 0
4.65 0
4.7 0
4.75 0
4.8 0
4.85 0
4.9 0
4.95 0
5 0
5.05 0
5.1 0
5.15 0
5.2 0
5.25 0
5.3 0
5.35 0
5.4 0
5.45 0
5.5 0
5.55 0
5.6 0
5.65 0
5.7 0
5.75 0
5.8 0
5.85 0
5.9 0
5.95 0
6 0
6.05 0
6.1 0
6.15 0
6.2 0
6.25 0
6.3 0
6.35 0
6.4 0
6.45 0
6.5 0
6.55 0
6.6 0
6.65 0
6.7 0
6.75 0
6.8 0
6.85 0
6.9 0
6.95 0
7 0
7.05 0
7.1 0
7.15 0
7.2 0
7.25 0
7.3 0
7.35 0
7.4 0
7.45 0
7.5 0
7.55 0
7.6 0
7.65 0
7.7 0
7.75 0
7.8 0
7.85 0
7.9 0
7.95 0
8 0
8.05 0
8.1 0
8.15 0
8.2 0
8.25 0
8.3 0
8.35 0
8.4 0
8.45 0
8.5 0
8.55 0
8.6 0
8.65 0
8.7 0
8.75 0
8.8 0
8.85 0
8.9 0
8.95 0
9 0
9.05 0
9.1 0
9.15 0
9.2 0
9.25 0
9.3 0
9.35 0
9.4 0
9.45 0
9.5 0
9.55 0
9.6 0
9.65 0
9.7 0
9.75 0
9.8 0
9.85 0
9.9 0
9.95 0
10 0
10.05 0
10.1 0
10.15 0
10.2 0
10.25 0
10.3 0
10.35 0
10.4 0
10.45 0
10.5 0
10.55 0
10.6 0
10.65 0
10.7 0
10.75 0
10.8 0
10.85 0
10.9 0
10.95 0
11 1
11.05 1
11.1 1
11.15 1
11.2 1
11.25 1
11.3 1
11.35 1
11.4 1
11.45 1
11.5 1
11.55 1
11.6 1
11.65 1
11.7 1
11.75 1
11.8 1
11.85 1
11.9 1
11.95 1
12 1
12.05 1
12.1 1
12.15 1
12.2 1
12.25 1
12.3 1
12.35 1
12.4 1
12.45 1
12.5 1
12.55 1
12.6 1
12.65 1
12.7 1
12.75 1
12.8 1
12.85 1
12.9 1
12.95 1
13 1
13.05 1
13.1 1
13.15 1
13.2 1
13.25 1
13.3 1
13.35 1
13.4 1
13.45 1
13.5 1
13.55 1
13.6 1
13.65 1
13.7 1
13.75 1
13.8 1
13.85 1
13.9 1
13.95 1
14 1
14.05 1
14.1 1
14.15 1
14.2 1
14.25 1
14.3 1
14.35 1
14.4 1
14.45 1
14.5 1
14.55 1
14.6 1
14.65 1
14.7 1
14.75 1
14.8 1
14.85 1
14.9 1
14.95 1
15 1
15.05 1
15.1 1
15.15 1
15.2 1
15.25 1
15.3 1
15.35 1
15.4 1
15.45 1
15.5 1
15.55 1
15.6 1
15.65 1
15.7 1
15.75 1
15.8 1
15.85 1
15.9 1
15.95 1
16 0
16.05 0
16.1 0
16.15 0
16.2 0
16.25 0
16.3 0
16.35 0
16.4 0
16.45 0
16.5 0
16.55 0
16.6 0
16.65 0
16.7 0
16.75 0
16.8 0
16.85 0
16.9 0
16.95 0
17 0
17.05 0
17.1 0
17.15 0
17.2 0
17.25 0
17.3 0
17.35 0
17.4 0
17.45 0
17.5 0
17.55 0
17.6 0
17.65 0
17.7 0
17.75 0
17.8 0
17.85 0
17.9 0
17.95 0
18 0
18.05 0
18.1 0
18.15 0
18.2 0
18.25 0
18.3 0
18.35 0
18.4 0
18.45 0
18.5 0
18.55 0
18.6 0
18.65 0
18.7 0
18.75 0
18.8 0
18.85 0
18.9 0
18.95 0
19 0
19.05 0
19.1 0
19.15 0
19.2 0
19.25 0
19.3 0
19.35 0
19.4 0
19.45 0
19.5 0
19.55 0
19.6 0
19.65 0
19.7 0
19.75 0
19.8 0
19.85 0
19.9 0
19.95 0
