0 0
0.2 -0.00306691
0.4 0.00104012
0.6 0.000635629
0.8 0.000577585
1 -0.00287805
1.2 -0.000853921
1.4 0.00206283
1.6 -0.00132238
1.8 0.00118194
2 0.00158813
2.2 -0.000975624
2.4 -0.00152961
2.6 -0.00196616
2.8 0.00144311
3 0.00189413
3.2 -0.00164449
3.4 0.00105942
3.6 0.00312413
3.8 -0.000727104
4 -0.00216542
4.2 -0.00144757
4.4 -0.00104939
4.6 0.000527237
4.8 -0.000896661
5 -0.0041256
5.2 -0.00134751
5.4 0.00311223
5.6 0.00104048
5.8 -0.00259018
6 -0.00188669
6.2 -0.00015078
6.4 0.000931733
6.6 0.00267393
6.8 0.00179022
7 -0.00304996
7.2 -0.00500887
7.4 -0.000272388
7.6 0.00470053
7.8 0.00410784
8 0.000726233
8.2 -0.00161716
8.4 -0.00385092
8.6 -0.00605658
8.8 -0.00424258
9 0.00299131
9.2 0.0101684
9.4 0.0112247
9.6 0.00648609
9.8 0.000115021
10 -0.00666882
10.2 -0.0159772
10.4 -0.0275193
10.6 -0.0356423
10.8 -0.0329708
11 -0.0152252
11.2 0.0187436
11.4 0.0705806
11.6 0.144106
11.8 0.242376
12 0.363043
12.2 0.496633
12.4 0.629218
12.6 0.747107
12.8 0.840176
13 0.902452
13.2 0.930952
13.4 0.92462
13.6 0.884309
13.8 0.8135
14 0.718741
14.2 0.609126
14.4 0.494828
14.6 0.385263
14.8 0.287595
15 0.205992
15.2 0.141713
15.4 0.093748
15.6 0.0597114
15.8 0.036665
16 0.021732
16.2 0.0124492
16.4 0.00690079
16.6 0.00370569
16.8 0.00192985
17 0.000975686
17.2 0.000479349
17.4 0.000229058
17.6 0.000106554
17.8 4.82918e-05
18 2.134e-05
18.2 9.20125e-06
18.4 3.87372e-06
18.6 1.59337e-06
18.8 6.40771e-07
19 2.51979e-07
19.2 9.72461e-08
19.4 3.59801e-08
19.6 1.5251e-08
19.8 0
