0 0
0.05 0.429712
0.1 0.115745
0.15 0.486236
0.2 0.419375
0.25 0.547094
0.3 0.389922
0.35 0.616323
0.4 0.530725
0.45 0.501105
0.5 0.489303
0.55 0.416373
0.6 0.170852
0.65 0.124143
0.7 0.0759791
0.75 -0.0530355
0.8 -0.167244
0.85 -0.0718792
0.9 -0.258439
0.95 -0.162649
1 -0.0111864
1.05 0.0162851
1.1 0.0472603
1.15 -0.0438716
1.2 0.0190396
1.25 0.0308377
1.3 0.117826
1.35 0.0188294
1.4 -0.0302724
1.45 0.0780754
1.5 -0.0952968
1.55 0.0525024
1.6 0.045405
1.65 -0.211288
1.7 0.0210425
1.75 0.0536406
1.8 -0.0783934
1.85 0.0543005
1.9 0.0654782
1.95 0.0708245
2 0.0926359
2.05 -0.109784
2.1 -0.158073
2.15 0.0201373
2.2 -0.0161315
2.25 -0.00492059
2.3 0.119825
2.35 0.0231248
2.4 0.057249
2.45 0.0140677
2.5 -0.206464
2.55 -0.0224522
2.6 0.0601842
2.65 0.00198253
2.7 0.113344
2.75 -0.0366732
2.8 -0.00499629
2.85 0.0372403
2.9 -0.175249
2.95 0.0381999
3 0.117221
3.05 0.0120545
3.1 0.0324805
3.15 -0.143849
3.2 -0.0366611
3.25 0.0360862
3.3 -0.028846
3.35 0.129478
3.4 0.101947
3.45 0.0124972
3.5 -0.156307
3.55 -0.11799
3.6 0.032852
3.65 -0.00976173
3.7 0.0544055
3.75 -0.00783455
3.8 0.0821481
3.85 -0.00630729
3.9 -0.0164459
3.95 0.0497111
4 0.0552088
4.05 0.0973474
4.1 -0.329405
4.15 0.118789
4.2 -0.0915345
4.25 0.0398566
4.3 0.000538419
4.35 -0.148048
4.4 0.239393
4.45 -0.354385
4.5 0.447327
4.55 -0.566386
4.6 0.551603
4.65 -0.527055
4.7 0.438989
4.75 -0.543992
4.8 0.402232
4.85 -0.387728
4.9 0.282843
4.95 -0.247924
5 0.0902386
5.05 -0.193082
5.1 0.186084
5.15 -0.0653907
5.2 -0.0497112
5.25 -0.0552994
5.3 0.0862386
5.35 -0.0237369
5.4 -0.0115247
5.45 -0.00399601
5.5 -0.0204775
5.55 -0.00203702
5.6 0.0579904
5.65 -0.0125049
5.7 -0.0689086
5.75 0.015072
5.8 0.0611923
5.85 -0.0118585
5.9 -0.0359038
5.95 0.00336865
6 0.00343316
6.05 0.000489104
6.1 0.0247632
6.15 0.00746558
6.2 -0.0380047
6.25 -0.0268132
6.3 0.0314545
6.35 0.0459718
6.4 -0.00900622
6.45 -0.046711
6.5 -0.0174229
6.55 0.0153279
6.6 0.0334045
6.65 0.0449164
6.7 -0.0300989
6.75 -0.109318
6.8 0.010001
6.85 0.142091
6.9 0.0145102
6.95 -0.119224
7 -0.0301887
7.05 0.0496749
7.1 0.033264
7.15 0.0239004
7.2 -0.0318088
7.25 -0.0526572
7.3 0.0363346
7.35 0.021235
7.4 -0.04671
7.45 0.0344742
7.5 0.050522
7.55 -0.055053
7.6 -0.0387032
7.65 0.0137028
7.7 0.0226252
7.75 0.0529872
7.8 -0.0271291
7.85 -0.0795488
7.9 0.0577975
7.95 0.0434473
8 -0.0812411
8.05 0.00727796
8.1 0.0584917
8.15 -0.0122472
8.2 -0.00583939
8.25 -0.0244292
8.3 -0.00514471
8.35 0.0443248
8.4 -0.0583758
8.45 -0.0229586
8.5 0.118815
8.55 0.0021012
8.6 -0.0792167
8.65 -0.0099638
8.7 -0.0117689
8.75 0.00988924
8.8 -0.00168731
8.85 0.0155809
8.9 0.124314
8.95 -0.00907734
9 -0.152313
9.05 -0.0370405
9.1 0.0173494
9.15 0.0204341
9.2 0.0360366
9.25 0.0562282
9.3 0.111353
9.35 -0.0213527
9.4 -0.158678
9.45 -0.0959601
9.5 -0.0348603
9.55 0.036113
9.6 0.0858035
9.65 0.0926151
9.7 0.0999637
9.75 0.0455384
9.8 -0.0405305
9.85 -0.156015
9.9 -0.184809
9.95 -0.0774677
10 0.0483741
10.05 0.0785855
10.1 0.064742
10.15 0.167935
10.2 0.167209
10.25 0.0806493
10.3 -0.0696286
10.35 -0.17862
10.4 -0.106185
10.45 -0.145543
10.5 -0.0899735
10.55 -0.144026
10.6 -0.0657326
10.65 0.0931299
10.7 0.0861331
10.75 0.165871
10.8 0.0127446
10.85 0.161462
10.9 0.138103
10.95 0.274407
11 0.193422
11.05 0.204634
11.1 0.320071
11.15 0.433859
11.2 0.554073
11.25 0.537154
11.3 0.637737
11.35 0.640973
11.4 0.821138
11.45 0.882397
11.5 0.896688
11.55 0.827935
11.6 0.920202
11.65 0.963078
11.7 0.998658
11.75 1.01505
11.8 0.976833
11.85 0.91245
11.9 0.990523
11.95 1.05665
12 1.01035
12.05 0.994833
12.1 0.991925
12.15 0.942513
12.2 0.999206
12.25 1.07202
12.3 1.00105
12.35 0.971424
12.4 1.00576
12.45 0.962276
12.5 0.992451
12.55 1.06666
12.6 0.994837
12.65 0.968463
12.7 1.0213
12.75 0.969035
12.8 0.983603
12.85 1.05513
12.9 0.985201
12.95 0.98186
13 1.0386
13.05 0.967769
13.1 0.98422
13.15 1.03585
13.2 0.962451
13.25 1.00295
13.3 1.04994
13.35 0.974441
13.4 1.01138
13.45 1.00733
13.5 0.931124
13.55 1.01014
13.6 1.0257
13.65 1.00117
13.7 1.06925
13.75 0.995633
13.8 0.940214
13.85 0.981724
13.9 0.940656
13.95 1.00971
14 1.085
14.05 1.03736
14.1 1.05039
14.15 0.97971
14.2 0.898559
14.25 0.941521
14.3 0.948158
14.35 1.02737
14.4 1.10922
14.45 1.0848
14.5 1.06991
14.55 0.980869
14.6 0.897523
14.65 0.885047
14.7 0.895574
14.75 0.980158
14.8 1.06679
14.85 1.13066
14.9 1.139
14.95 1.09733
15 1.01136
15.05 0.912843
15.1 0.87046
15.15 0.824306
15.2 0.89162
15.25 0.945852
15.3 1.028
15.35 1.13543
15.4 1.12191
15.45 1.19784
15.5 1.10352
15.55 1.09524
15.6 1.02682
15.65 0.937261
15.7 0.966846
15.75 0.834487
15.8 0.936369
15.85 0.803343
15.9 0.894576
15.95 0.787204
16 0.802223
16.05 0.728247
16.1 0.656429
16.15 0.61155
16.2 0.485567
16.25 0.461134
16.3 0.324872
16.35 0.312783
16.4 0.197475
16.45 0.191989
16.5 0.109664
16.55 0.107365
16.6 0.0559447
16.65 0.0550497
16.7 0.0263501
16.75 0.0260252
16.8 0.01151
16.85 0.0113995
16.9 0.00468096
16.95 0.00464572
17 0.00177847
17.05 0.00176789
17.1 0.000633151
17.15 0.000630151
17.2 0.000211764
17.25 0.00021096
17.3 6.66927e-05
17.35 6.64889e-05
17.4 1.98185e-05
17.45 1.97695e-05
17.5 5.56688e-06
17.55 5.55567e-06
17.6 1.48045e-06
17.65 1.47802e-06
17.7 3.73284e-07
17.75 3.72782e-07
17.8 8.93517e-08
17.85 8.92527e-08
17.9 2.03273e-08
17.95 2.03088e-08
18 4.39965e-09
18.05 4.39633e-09
18.1 9.06812e-10
18.15 9.06244e-10
18.2 1.7813e-10
18.25 1.78037e-10
18.3 3.33734e-11
18.35 3.33589e-11
18.4 5.96756e-12
18.45 5.96541e-12
18.5 1.01903e-12
18.55 1.01872e-12
18.6 1.66264e-13
18.65 1.66222e-13
18.7 2.59321e-14
18.75 2.59267e-14
18.8 3.86801e-15
18.85 3.86732e-15
18.9 5.51955e-16
18.95 5.51873e-16
19 7.53743e-17
19.05 7.53649e-17
19.1 9.85288e-18
19.15 9.85185e-18
19.2 1.23316e-18
19.25 1.23305e-18
19.3 1.478e-19
19.35 1.47789e-19
19.4 1.69661e-20
19.45 1.6965e-20
19.5 1.86548e-21
19.55 1.86538e-21
19.6 1.96482e-22
19.65 1.96473e-22
19.7 1.9824e-23
19.75 1.98219e-23
19.8 1.91728e-24
19.85 1.90016e-24
19.9 1.93096e-25
19.95 0
