0 0
0.05 3.57614e-39
0.1 -3.89158e-38
0.15 -1.43762e-38
0.2 2.06698e-37
0.25 -7.87043e-38
0.3 -7.04204e-37
0.35 1.02057e-36
0.4 1.43868e-36
0.45 -5.91824e-36
0.5 1.2971e-36
0.55 2.35727e-35
0.6 -3.10486e-35
0.65 -6.50076e-35
0.7 1.90736e-34
0.75 7.31302e-35
0.8 -8.27146e-34
0.85 4.92393e-34
0.9 2.79651e-33
0.95 -4.43756e-33
1 -7.00774e-33
1.05 2.30852e-32
1.1 7.95825e-33
1.15 -9.44073e-32
1.2 4.27804e-32
1.25 3.23493e-31
1.3 -3.94848e-31
1.35 -9.25845e-31
1.4 2.08807e-30
1.45 2.03135e-30
1.5 -8.90723e-30
1.55 -1.93577e-30
1.6 3.32443e-29
1.65 -1.18386e-29
1.7 -1.11922e-28
1.75 1.00092e-28
1.8 3.43621e-28
1.85 -5.1329e-28
1.9 -9.59826e-28
1.95 2.18634e-27
2 2.39211e-27
2.05 -8.38272e-27
2.1 -5.01037e-27
2.15 2.99526e-26
2.2 6.97305e-27
2.25 -1.01688e-25
2.3 5.96872e-27
2.35 3.32226e-25
2.4 -1.00631e-25
2.45 -1.05456e-24
2.5 5.39258e-25
2.55 3.2776e-24
2.6 -2.25366e-24
2.65 -1.00404e-23
2.7 8.33478e-24
2.75 3.04849e-23
2.8 -2.8488e-23
2.85 -9.21504e-23
2.9 9.17098e-23
2.95 2.78176e-22
3 -2.80349e-22
3.05 -8.39746e-22
3.1 8.14996e-22
3.15 2.53388e-21
3.2 -2.24292e-21
3.25 -7.62539e-21
3.3 5.77011e-21
3.35 2.27997e-20
3.4 -1.34909e-20
3.45 -6.73898e-20
3.5 2.67238e-20
3.55 1.9571e-19
3.6 -3.43276e-20
3.65 -5.54487e-19
3.7 -3.95694e-20
3.75 1.51959e-18
3.8 5.30399e-19
3.85 -3.98473e-18
3.9 -2.67821e-18
3.95 9.84496e-18
4 1.05624e-17
4.05 -2.23476e-17
4.1 -3.63604e-17
4.15 4.43119e-17
4.2 1.13092e-16
4.25 -6.65454e-17
4.3 -3.20944e-16
4.35 2.28386e-17
4.4 8.27644e-16
4.45 3.49199e-16
4.5 -1.90297e-15
4.55 -1.86795e-15
4.6 3.717e-15
4.65 6.66869e-15
4.7 -5.31143e-15
4.75 -1.93547e-14
4.8 1.23483e-15
4.85 4.73253e-14
4.9 2.69058e-14
4.95 -9.5062e-14
5 -1.26355e-13
5.05 1.37657e-13
5.1 3.89683e-13
5.15 -4.41123e-14
5.2 -9.29027e-13
5.25 -5.81448e-13
5.3 1.6769e-12
5.35 2.59394e-12
5.4 -1.7478e-12
5.45 -7.17184e-12
5.5 -1.90646e-12
5.55 1.42374e-11
5.6 1.6052e-11
5.65 -1.73579e-11
5.7 -4.96663e-11
5.75 -6.21716e-12
5.8 1.00486e-10
5.85 1.03961e-10
5.9 -1.16463e-10
5.95 -3.26092e-10
6 -6.54486e-11
6.05 6.11641e-10
6.1 7.28167e-10
6.15 -5.32279e-10
6.2 -2.0079e-09
6.25 -9.55529e-10
6.3 3.04371e-09
6.35 5.05568e-09
6.4 -7.13931e-10
6.45 -1.0691e-08
6.5 -1.00979e-08
6.55 9.75337e-09
6.6 3.01917e-08
6.65 1.49256e-08
6.7 -4.06394e-08
6.75 -7.4459e-08
6.8 -9.3373e-09
6.85 1.28075e-07
6.9 1.67813e-07
6.95 -3.66395e-08
7 -3.5104e-07
7.05 -3.58753e-07
7.1 1.95028e-07
7.15 8.8483e-07
7.2 7.56419e-07
7.25 -6.14366e-07
7.3 -2.11236e-06
7.35 -1.63708e-06
7.4 1.54843e-06
7.45 4.8485e-06
7.5 3.73904e-06
7.55 -3.28299e-06
7.6 -1.07308e-05
7.65 -9.00459e-06
7.7 5.62719e-06
7.75 2.26796e-05
7.8 2.21977e-05
7.85 -6.07072e-06
7.9 -4.46555e-05
7.95 -5.36679e-05
8 -5.22979e-06
8.05 7.79962e-05
8.1 0.000121754
8.15 5.57973e-05
8.2 -0.000107832
8.25 -0.000247049
8.3 -0.000204031
8.35 7.03345e-05
8.4 0.000417355
8.45 0.000532857
8.5 0.000195259
8.55 -0.000491347
8.6 -0.00105753
8.65 -0.000942006
8.7 5.25334e-05
8.75 0.00145143
8.8 0.00225559
8.85 0.00156766
8.9 -0.000658532
8.95 -0.00329452
9 -0.00450593
9.05 -0.00287943
9.1 0.0014366
9.15 0.00637635
9.2 0.00881288
9.25 0.0063261
9.3 -0.00106799
9.35 -0.0103189
9.4 -0.016448
9.45 -0.0150023
9.5 -0.00467045
9.55 0.0113617
9.6 0.0262114
9.65 0.0321071
9.7 0.0240224
9.75 0.00246721
9.8 -0.0259284
9.85 -0.050453
9.9 -0.0602452
9.95 -0.0485761
10 -0.0157968
10.05 0.0301866
10.1 0.0760765
10.15 0.107189
10.2 0.111907
10.25 0.085146
10.3 0.0298375
10.35 -0.0438251
10.4 -0.120961
10.45 -0.185493
10.5 -0.223556
10.55 -0.226001
10.6 -0.189567
10.65 -0.116698
10.7 -0.0143113
10.75 0.108001
10.8 0.239852
10.85 0.371652
10.9 0.495679
10.95 0.606591
11 0.701452
11.05 0.779407
11.1 0.841172
11.15 0.888483
11.2 0.923593
11.25 0.948883
11.3 0.966588
11.35 0.978652
11.4 0.98666
11.45 0.991844
11.5 0.995119
11.55 0.99714
11.6 0.998358
11.65 0.999076
11.7 0.999491
11.75 0.999725
11.8 0.999854
11.85 0.999924
11.9 0.999961
11.95 0.999981
12 0.999991
12.05 0.999996
12.1 0.999998
12.15 0.999998
12.2 0.999999
12.25 1
12.3 1
12.35 1
12.4 0.999998
12.45 0.999995
12.5 0.999996
12.55 1
12.6 1.00001
12.65 1.00001
12.7 0.999994
12.75 0.999977
12.8 0.999978
12.85 1.00001
12.9 1.00004
12.95 1.00005
13 1.00001
13.05 0.999922
13.1 0.999878
13.15 0.999944
13.2 1.00011
13.25 1.00025
13.3 1.0002
13.35 0.99993
13.4 0.999583
13.45 0.999467
13.5 0.999805
13.55 1.00049
13.6 1.00106
13.65 1.00094
13.7 0.999947
13.75 0.998549
13.8 0.997744
13.85 0.998432
13.9 1.00066
13.95 1.00329
14 1.00451
14.05 1.00288
14.1 0.998563
14.15 0.993624
14.2 0.991187
14.25 0.993674
14.3 1.00107
14.35 1.01032
14.4 1.01645
14.45 1.015
14.5 1.00467
14.55 0.988638
14.6 0.973789
14.65 0.967893
14.7 0.975978
14.75 0.997533
14.8 1.02593
14.85 1.05045
14.9 1.06025
14.95 1.04858
15 1.0158
15.05 0.969813
15.1 0.923923
15.15 0.892811
15.2 0.888093
15.25 0.914854
15.3 0.970162
15.35 1.04383
15.4 1.12096
15.45 1.18549
15.5 1.22356
15.55 1.226
15.6 1.18957
15.65 1.1167
15.7 1.01431
15.75 0.891999
15.8 0.760148
15.85 0.628348
15.9 0.504321
15.95 0.393409
16 0.298548
16.05 0.220593
16.1 0.158828
16.15 0.111517
16.2 0.0764067
16.25 0.0511171
16.3 0.0334115
16.35 0.0213477
16.4 0.0133396
16.45 0.00815577
16.5 0.00488088
16.55 0.00286028
16.6 0.00164191
16.65 0.000923558
16.7 0.000509195
16.75 0.000275252
16.8 0.000145922
16.85 7.58855e-05
16.9 3.87208e-05
16.95 1.93896e-05
17 9.53056e-06
17.05 4.59912e-06
17.1 2.17927e-06
17.15 1.01414e-06
17.2 4.63554e-07
17.25 2.08152e-07
17.3 9.18317e-08
17.35 3.981e-08
17.4 1.696e-08
17.45 7.1014e-09
17.5 2.92271e-09
17.55 1.18247e-09
17.6 4.70324e-10
17.65 1.83924e-10
17.7 7.07208e-11
17.75 2.67393e-11
17.8 9.94204e-12
17.85 3.63535e-12
17.9 1.30733e-12
17.95 4.62393e-13
18 1.60858e-13
18.05 5.50422e-14
18.1 1.85261e-14
18.15 6.13362e-15
18.2 1.9976e-15
18.25 6.39976e-16
18.3 2.01693e-16
18.35 6.2531e-17
18.4 1.90713e-17
18.45 5.72196e-18
18.5 1.68885e-18
18.55 4.90363e-19
18.6 1.40062e-19
18.65 3.93546e-20
18.7 1.08777e-20
18.75 2.95756e-21
18.8 7.91009e-22
18.85 2.08097e-22
18.9 5.38491e-23
18.95 1.37057e-23
19 3.43101e-24
19.05 8.44741e-25
19.1 2.04544e-25
19.15 4.87073e-26
19.2 1.14057e-26
19.25 2.62634e-27
19.3 5.94639e-28
19.35 1.32375e-28
19.4 2.89721e-29
19.45 6.23375e-30
19.5 1.3185e-30
19.55 2.74122e-31
19.6 5.60151e-32
19.65 1.12494e-32
19.7 2.22013e-33
19.75 4.3054e-34
19.8 8.20345e-35
19.85 1.53562e-35
19.9 2.82348e-36
19.95 5.1528e-37
