0 0
0.2 0
0.4 0
0.6 0
0.8 0
1 0
1.2 0
1.4 0
1.6 0
1.8 0
2 0
2.2 0
2.4 0
2.6 0
2.8 0
3 0
3.2 7.91182e-29
3.4 6.85371e-27
3.6 2.94993e-25
3.8 8.41075e-24
4 1.78694e-22
4.2 3.01734e-21
4.4 4.21761e-20
4.6 5.01912e-19
4.8 5.19062e-18
5 4.73844e-17
5.2 3.86568e-16
5.4 2.84647e-15
5.6 1.90736e-14
5.8 1.17106e-13
6 6.62631e-13
6.2 3.4728e-12
6.4 1.69309e-11
6.6 7.70756e-11
6.8 3.28728e-10
7 1.31741e-09
7.2 4.97409e-09
7.4 1.77353e-08
7.6 5.98434e-08
7.8 1.9146e-07
8 5.81809e-07
8.2 1.68193e-06
8.4 4.63221e-06
8.6 1.21701e-05
8.8 3.05394e-05
9 7.32781e-05
9.2 0.000168304
9.4 0.000370389
9.6 0.000781771
9.8 0.00158406
10 0.00308423
10.2 0.00577616
10.4 0.0104163
10.6 0.0181089
10.8 0.0303924
11 0.0493189
11.2 0.0775201
11.4 0.118257
11.6 0.175451
11.8 0.253661
12 0.357931
12.2 0.480048
12.4 0.558078
12.6 0.587796
12.8 0.590603
13 0.586376
13.2 0.578654
13.4 0.566206
13.6 0.549386
13.8 0.528546
14 0.504125
14.2 0.47665
14.4 0.446709
14.6 0.41493
14.8 0.381957
15 0.348412
15.2 0.315128
15.4 0.282667
15.6 0.251474
15.8 0.221882
16 0.194185
16.2 0.168562
16.4 0.145148
16.6 0.123979
16.8 0.105063
17 0.0883235
17.2 0.0736749
17.4 0.0609725
17.6 0.0500751
17.8 0.0408064
18 0.033004
18.2 0.0264895
18.4 0.0211042
18.6 0.0166873
18.8 0.0130994
19 0.0102067
19.2 0.00789646
19.4 0.00673187
19.6 0.0173597
19.8 0
