0.25 -10.426 0.000122246
0.25 -9.70694 0.000698025
0.25 -8.9879 0.00351936
0.25 -8.26887 0.0156679
0.25 -7.54984 0.06159
0.25 -6.83081 0.213779
0.25 -6.11177 0.655203
0.25 -5.39274 1.77313
0.25 -4.67371 4.237
0.25 -3.95468 8.93989
0.25 -3.23565 16.6556
0.25 -2.51661 27.3994
0.25 -1.79758 39.7996
0.25 -1.07855 51.0469
0.25 -0.359516 57.8116
0.25 0.359516 57.8116
0.25 1.07855 51.0469
0.25 1.79758 39.7996
0.25 2.51661 27.3994
0.25 3.23565 16.6556
0.25 3.95468 8.93989
0.25 4.67371 4.237
0.25 5.39274 1.77313
0.25 6.11177 0.655203
0.25 6.83081 0.213779
0.25 7.54984 0.06159
0.25 8.26887 0.0156679
0.25 8.9879 0.00351936
0.25 9.70694 0.000698025
0.25 10.426 0.000122246

0.75 -10.426 0.000122246
0.75 -9.70694 0.000698025
0.75 -8.9879 0.00351936
0.75 -8.26887 0.0156679
0.75 -7.54984 0.06159
0.75 -6.83081 0.213779
0.75 -6.11177 0.655203
0.75 -5.39274 1.77313
0.75 -4.67371 4.237
0.75 -3.95468 8.93989
0.75 -3.23565 16.6556
0.75 -2.51661 27.3994
0.75 -1.79758 39.7996
0.75 -1.07855 51.0469
0.75 -0.359516 57.8116
0.75 0.359516 57.8116
0.75 1.07855 51.0469
0.75 1.79758 39.7996
0.75 2.51661 27.3994
0.75 3.23565 16.6556
0.75 3.95468 8.93989
0.75 4.67371 4.237
0.75 5.39274 1.77313
0.75 6.11177 0.655203
0.75 6.83081 0.213779
0.75 7.54984 0.06159
0.75 8.26887 0.0156679
0.75 8.9879 0.00351936
0.75 9.70694 0.000698025
0.75 10.426 0.000122246

1.25 -10.426 0.000122246
1.25 -9.70694 0.000698025
1.25 -8.9879 0.00351936
1.25 -8.26887 0.0156679
1.25 -7.54984 0.06159
1.25 -6.83081 0.213779
1.25 -6.11177 0.655203
1.25 -5.39274 1.77313
1.25 -4.67371 4.237
1.25 -3.95468 8.93989
1.25 -3.23565 16.6556
1.25 -2.51661 27.3994
1.25 -1.79758 39.7996
1.25 -1.07855 51.0469
1.25 -0.359516 57.8116
1.25 0.359516 57.8116
1.25 1.07855 51.0469
1.25 1.79758 39.7996
1.25 2.51661 27.3994
1.25 3.23565 16.6556
1.25 3.95468 8.93989
1.25 4.67371 4.237
1.25 5.39274 1.77313
1.25 6.11177 0.655203
1.25 6.83081 0.213779
1.25 7.54984 0.06159
1.25 8.26887 0.0156679
1.25 8.9879 0.00351936
1.25 9.70694 0.000698025
1.25 10.426 0.000122246

1.75 -10.426 0.000122246
1.75 -9.70694 0.000698025
1.75 -8.9879 0.00351936
1.75 -8.26887 0.0156679
1.75 -7.54984 0.06159
1.75 -6.83081 0.213779
1.75 -6.11177 0.655203
1.75 -5.39274 1.77313
1.75 -4.67371 4.237
1.75 -3.95468 8.93989
1.75 -3.23565 16.6556
1.75 -2.51661 27.3994
1.75 -1.79758 39.7996
1.75 -1.07855 51.0469
1.75 -0.359516 57.8116
1.75 0.359516 57.8116
1.75 1.07855 51.0469
1.75 1.79758 39.7996
1.75 2.51661 27.3994
1.75 3.23565 16.6556
1.75 3.95468 8.93989
1.75 4.67371 4.237
1.75 5.39274 1.77313
1.75 6.11177 0.655203
1.75 6.83081 0.213779
1.75 7.54984 0.06159
1.75 8.26887 0.0156679
1.75 8.9879 0.00351936
1.75 9.70694 0.000698025
1.75 10.426 0.000122246

2.25 -10.426 0.000122246
2.25 -9.70694 0.000698025
2.25 -8.9879 0.00351936
2.25 -8.26887 0.0156679
2.25 -7.54984 0.06159
2.25 -6.83081 0.213779
2.25 -6.11177 0.655203
2.25 -5.39274 1.77313
2.25 -4.67371 4.237
2.25 -3.95468 8.93989
2.25 -3.23565 16.6556
2.25 -2.51661 27.3994
2.25 -1.79758 39.7996
2.25 -1.07855 51.0469
2.25 -0.359516 57.8116
2.25 0.359516 57.8116
2.25 1.07855 51.0469
2.25 1.79758 39.7996
2.25 2.51661 27.3994
2.25 3.23565 16.6556
2.25 3.95468 8.93989
2.25 4.67371 4.237
2.25 5.39274 1.77313
2.25 6.11177 0.655203
2.25 6.83081 0.213779
2.25 7.54984 0.06159
2.25 8.26887 0.0156679
2.25 8.9879 0.00351936
2.25 9.70694 0.000698025
2.25 10.426 0.000122246

2.75 -10.426 0.000122246
2.75 -9.70694 0.000698025
2.75 -8.9879 0.00351936
2.75 -8.26887 0.0156679
2.75 -7.54984 0.06159
2.75 -6.83081 0.213779
2.75 -6.11177 0.655203
2.75 -5.39274 1.77313
2.75 -4.67371 4.237
2.75 -3.95468 8.93989
2.75 -3.23565 16.6556
2.75 -2.51661 27.3994
2.75 -1.79758 39.7996
2.75 -1.07855 51.0469
2.75 -0.359516 57.8116
2.75 0.359516 57.8116
2.75 1.07855 51.0469
2.75 1.79758 39.7996
2.75 2.51661 27.3994
2.75 3.23565 16.6556
2.75 3.95468 8.93989
2.75 4.67371 4.237
2.75 5.39274 1.77313
2.75 6.11177 0.655203
2.75 6.83081 0.213779
2.75 7.54984 0.06159
2.75 8.26887 0.0156679
2.75 8.9879 0.00351936
2.75 9.70694 0.000698025
2.75 10.426 0.000122246

3.25 -10.426 0.000122246
3.25 -9.70694 0.000698025
3.25 -8.9879 0.00351936
3.25 -8.26887 0.0156679
3.25 -7.54984 0.06159
3.25 -6.83081 0.213779
3.25 -6.11177 0.655203
3.25 -5.39274 1.77313
3.25 -4.67371 4.237
3.25 -3.95468 8.93989
3.25 -3.23565 16.6556
3.25 -2.51661 27.3994
3.25 -1.79758 39.7996
3.25 -1.07855 51.0469
3.25 -0.359516 57.8116
3.25 0.359516 57.8116
3.25 1.07855 51.0469
3.25 1.79758 39.7996
3.25 2.51661 27.3994
3.25 3.23565 16.6556
3.25 3.95468 8.93989
3.25 4.67371 4.237
3.25 5.39274 1.77313
3.25 6.11177 0.655203
3.25 6.83081 0.213779
3.25 7.54984 0.06159
3.25 8.26887 0.0156679
3.25 8.9879 0.00351936
3.25 9.70694 0.000698025
3.25 10.426 0.000122246

3.75 -10.426 0.000122246
3.75 -9.70694 0.000698025
3.75 -8.9879 0.00351936
3.75 -8.26887 0.0156679
3.75 -7.54984 0.06159
3.75 -6.83081 0.213779
3.75 -6.11177 0.655203
3.75 -5.39274 1.77313
3.75 -4.67371 4.237
3.75 -3.95468 8.93989
3.75 -3.23565 16.6556
3.75 -2.51661 27.3994
3.75 -1.79758 39.7996
3.75 -1.07855 51.0469
3.75 -0.359516 57.8116
3.75 0.359516 57.8116
3.75 1.07855 51.0469
3.75 1.79758 39.7996
3.75 2.51661 27.3994
3.75 3.23565 16.6556
3.75 3.95468 8.93989
3.75 4.67371 4.237
3.75 5.39274 1.77313
3.75 6.11177 0.655203
3.75 6.83081 0.213779
3.75 7.54984 0.06159
3.75 8.26887 0.0156679
3.75 8.9879 0.00351936
3.75 9.70694 0.000698025
3.75 10.426 0.000122246

4.25 -10.426 0.000122246
4.25 -9.70694 0.000698025
4.25 -8.9879 0.00351936
4.25 -8.26887 0.0156679
4.25 -7.54984 0.06159
4.25 -6.83081 0.213779
4.25 -6.11177 0.655203
4.25 -5.39274 1.77313
4.25 -4.67371 4.237
4.25 -3.95468 8.93989
4.25 -3.23565 16.6556
4.25 -2.51661 27.3994
4.25 -1.79758 39.7996
4.25 -1.07855 51.0469
4.25 -0.359516 57.8116
4.25 0.359516 57.8116
4.25 1.07855 51.0469
4.25 1.79758 39.7996
4.25 2.51661 27.3994
4.25 3.23565 16.6556
4.25 3.95468 8.93989
4.25 4.67371 4.237
4.25 5.39274 1.77313
4.25 6.11177 0.655203
4.25 6.83081 0.213779
4.25 7.54984 0.06159
4.25 8.26887 0.0156679
4.25 8.9879 0.00351936
4.25 9.70694 0.000698025
4.25 10.426 0.000122246

4.75 -10.426 0.000122246
4.75 -9.70694 0.000698025
4.75 -8.9879 0.00351936
4.75 -8.26887 0.0156679
4.75 -7.54984 0.06159
4.75 -6.83081 0.213779
4.75 -6.11177 0.655203
4.75 -5.39274 1.77313
4.75 -4.67371 4.237
4.75 -3.95468 8.93989
4.75 -3.23565 16.6556
4.75 -2.51661 27.3994
4.75 -1.79758 39.7996
4.75 -1.07855 51.0469
4.75 -0.359516 57.8116
4.75 0.359516 57.8116
4.75 1.07855 51.0469
4.75 1.79758 39.7996
4.75 2.51661 27.3994
4.75 3.23565 16.6556
4.75 3.95468 8.93989
4.75 4.67371 4.237
4.75 5.39274 1.77313
4.75 6.11177 0.655203
4.75 6.83081 0.213779
4.75 7.54984 0.06159
4.75 8.26887 0.0156679
4.75 8.9879 0.00351936
4.75 9.70694 0.000698025
4.75 10.426 0.000122246

5.25 -10.426 0.000122246
5.25 -9.70694 0.000698025
5.25 -8.9879 0.00351936
5.25 -8.26887 0.0156679
5.25 -7.54984 0.06159
5.25 -6.83081 0.213779
5.25 -6.11177 0.655203
5.25 -5.39274 1.77313
5.25 -4.67371 4.237
5.25 -3.95468 8.93989
5.25 -3.23565 16.6556
5.25 -2.51661 27.3994
5.25 -1.79758 39.7996
5.25 -1.07855 51.0469
5.25 -0.359516 57.8116
5.25 0.359516 57.8116
5.25 1.07855 51.0469
5.25 1.79758 39.7996
5.25 2.51661 27.3994
5.25 3.23565 16.6556
5.25 3.95468 8.93989
5.25 4.67371 4.237
5.25 5.39274 1.77313
5.25 6.11177 0.655203
5.25 6.83081 0.213779
5.25 7.54984 0.06159
5.25 8.26887 0.0156679
5.25 8.9879 0.00351936
5.25 9.70694 0.000698025
5.25 10.426 0.000122246

5.75 -10.426 0.000122246
5.75 -9.70694 0.000698025
5.75 -8.9879 0.00351936
5.75 -8.26887 0.0156679
5.75 -7.54984 0.06159
5.75 -6.83081 0.213779
5.75 -6.11177 0.655203
5.75 -5.39274 1.77313
5.75 -4.67371 4.237
5.75 -3.95468 8.93989
5.75 -3.23565 16.6556
5.75 -2.51661 27.3994
5.75 -1.79758 39.7996
5.75 -1.07855 51.0469
5.75 -0.359516 57.8116
5.75 0.359516 57.8116
5.75 1.07855 51.0469
5.75 1.79758 39.7996
5.75 2.51661 27.3994
5.75 3.23565 16.6556
5.75 3.95468 8.93989
5.75 4.67371 4.237
5.75 5.39274 1.77313
5.75 6.11177 0.655203
5.75 6.83081 0.213779
5.75 7.54984 0.06159
5.75 8.26887 0.0156679
5.75 8.9879 0.00351936
5.75 9.70694 0.000698025
5.75 10.426 0.000122246

6.25 -10.426 0.000122246
6.25 -9.70694 0.000698025
6.25 -8.9879 0.00351936
6.25 -8.26887 0.0156679
6.25 -7.54984 0.06159
6.25 -6.83081 0.213779
6.25 -6.11177 0.655203
6.25 -5.39274 1.77313
6.25 -4.67371 4.237
6.25 -3.95468 8.93989
6.25 -3.23565 16.6556
6.25 -2.51661 27.3994
6.25 -1.79758 39.7996
6.25 -1.07855 51.0469
6.25 -0.359516 57.8116
6.25 0.359516 57.8116
6.25 1.07855 51.0469
6.25 1.79758 39.7996
6.25 2.51661 27.3994
6.25 3.23565 16.6556
6.25 3.95468 8.93989
6.25 4.67371 4.237
6.25 5.39274 1.77313
6.25 6.11177 0.655203
6.25 6.83081 0.213779
6.25 7.54984 0.06159
6.25 8.26887 0.0156679
6.25 8.9879 0.00351936
6.25 9.70694 0.000698025
6.25 10.426 0.000122246

6.75 -10.426 0.000122246
6.75 -9.70694 0.000698025
6.75 -8.9879 0.00351936
6.75 -8.26887 0.0156679
6.75 -7.54984 0.06159
6.75 -6.83081 0.213779
6.75 -6.11177 0.655203
6.75 -5.39274 1.77313
6.75 -4.67371 4.237
6.75 -3.95468 8.93989
6.75 -3.23565 16.6556
6.75 -2.51661 27.3994
6.75 -1.79758 39.7996
6.75 -1.07855 51.0469
6.75 -0.359516 57.8116
6.75 0.359516 57.8116
6.75 1.07855 51.0469
6.75 1.79758 39.7996
6.75 2.51661 27.3994
6.75 3.23565 16.6556
6.75 3.95468 8.93989
6.75 4.67371 4.237
6.75 5.39274 1.77313
6.75 6.11177 0.655203
6.75 6.83081 0.213779
6.75 7.54984 0.06159
6.75 8.26887 0.0156679
6.75 8.9879 0.00351936
6.75 9.70694 0.000698025
6.75 10.426 0.000122246

7.25 -10.426 0.000122246
7.25 -9.70694 0.000698025
7.25 -8.9879 0.00351936
7.25 -8.26887 0.0156679
7.25 -7.54984 0.06159
7.25 -6.83081 0.213779
7.25 -6.11177 0.655203
7.25 -5.39274 1.77313
7.25 -4.67371 4.237
7.25 -3.95468 8.93989
7.25 -3.23565 16.6556
7.25 -2.51661 27.3994
7.25 -1.79758 39.7996
7.25 -1.07855 51.0469
7.25 -0.359516 57.8116
7.25 0.359516 57.8116
7.25 1.07855 51.0469
7.25 1.79758 39.7996
7.25 2.51661 27.3994
7.25 3.23565 16.6556
7.25 3.95468 8.93989
7.25 4.67371 4.237
7.25 5.39274 1.77313
7.25 6.11177 0.655203
7.25 6.83081 0.213779
7.25 7.54984 0.06159
7.25 8.26887 0.0156679
7.25 8.9879 0.00351936
7.25 9.70694 0.000698025
7.25 10.426 0.000122246

7.75 -10.426 0.000122246
7.75 -9.70694 0.000698025
7.75 -8.9879 0.00351936
7.75 -8.26887 0.0156679
7.75 -7.54984 0.06159
7.75 -6.83081 0.213779
7.75 -6.11177 0.655203
7.75 -5.39274 1.77313
7.75 -4.67371 4.237
7.75 -3.95468 8.93989
7.75 -3.23565 16.6556
7.75 -2.51661 27.3994
7.75 -1.79758 39.7996
7.75 -1.07855 51.0469
7.75 -0.359516 57.8116
7.75 0.359516 57.8116
7.75 1.07855 51.0469
7.75 1.79758 39.7996
7.75 2.51661 27.3994
7.75 3.23565 16.6556
7.75 3.95468 8.93989
7.75 4.67371 4.237
7.75 5.39274 1.77313
7.75 6.11177 0.655203
7.75 6.83081 0.213779
7.75 7.54984 0.06159
7.75 8.26887 0.0156679
7.75 8.9879 0.00351936
7.75 9.70694 0.000698025
7.75 10.426 0.000122246

8.25 -10.426 0.000122246
8.25 -9.70694 0.000698025
8.25 -8.9879 0.00351936
8.25 -8.26887 0.0156679
8.25 -7.54984 0.06159
8.25 -6.83081 0.213779
8.25 -6.11177 0.655203
8.25 -5.39274 1.77313
8.25 -4.67371 4.237
8.25 -3.95468 8.93989
8.25 -3.23565 16.6556
8.25 -2.51661 27.3994
8.25 -1.79758 39.7996
8.25 -1.07855 51.0469
8.25 -0.359516 57.8116
8.25 0.359516 57.8116
8.25 1.07855 51.0469
8.25 1.79758 39.7996
8.25 2.51661 27.3994
8.25 3.23565 16.6556
8.25 3.95468 8.93989
8.25 4.67371 4.237
8.25 5.39274 1.77313
8.25 6.11177 0.655203
8.25 6.83081 0.213779
8.25 7.54984 0.06159
8.25 8.26887 0.0156679
8.25 8.9879 0.00351936
8.25 9.70694 0.000698025
8.25 10.426 0.000122246

8.75 -10.426 0.000122246
8.75 -9.70694 0.000698025
8.75 -8.9879 0.00351936
8.75 -8.26887 0.0156679
8.75 -7.54984 0.06159
8.75 -6.83081 0.213779
8.75 -6.11177 0.655203
8.75 -5.39274 1.77313
8.75 -4.67371 4.237
8.75 -3.95468 8.93989
8.75 -3.23565 16.6556
8.75 -2.51661 27.3994
8.75 -1.79758 39.7996
8.75 -1.07855 51.0469
8.75 -0.359516 57.8116
8.75 0.359516 57.8116
8.75 1.07855 51.0469
8.75 1.79758 39.7996
8.75 2.51661 27.3994
8.75 3.23565 16.6556
8.75 3.95468 8.93989
8.75 4.67371 4.237
8.75 5.39274 1.77313
8.75 6.11177 0.655203
8.75 6.83081 0.213779
8.75 7.54984 0.06159
8.75 8.26887 0.0156679
8.75 8.9879 0.00351936
8.75 9.70694 0.000698025
8.75 10.426 0.000122246

9.25 -10.426 0.000122246
9.25 -9.70694 0.000698025
9.25 -8.9879 0.00351936
9.25 -8.26887 0.0156679
9.25 -7.54984 0.06159
9.25 -6.83081 0.213779
9.25 -6.11177 0.655203
9.25 -5.39274 1.77313
9.25 -4.67371 4.237
9.25 -3.95468 8.93989
9.25 -3.23565 16.6556
9.25 -2.51661 27.3994
9.25 -1.79758 39.7996
9.25 -1.07855 51.0469
9.25 -0.359516 57.8116
9.25 0.359516 57.8116
9.25 1.07855 51.0469
9.25 1.79758 39.7996
9.25 2.51661 27.3994
9.25 3.23565 16.6556
9.25 3.95468 8.93989
9.25 4.67371 4.237
9.25 5.39274 1.77313
9.25 6.11177 0.655203
9.25 6.83081 0.213779
9.25 7.54984 0.06159
9.25 8.26887 0.0156679
9.25 8.9879 0.00351936
9.25 9.70694 0.000698025
9.25 10.426 0.000122246

9.75 -10.426 0.000122246
9.75 -9.70694 0.000698025
9.75 -8.9879 0.00351936
9.75 -8.26887 0.0156679
9.75 -7.54984 0.06159
9.75 -6.83081 0.213779
9.75 -6.11177 0.655203
9.75 -5.39274 1.77313
9.75 -4.67371 4.237
9.75 -3.95468 8.93989
9.75 -3.23565 16.6556
9.75 -2.51661 27.3994
9.75 -1.79758 39.7996
9.75 -1.07855 51.0469
9.75 -0.359516 57.8116
9.75 0.359516 57.8116
9.75 1.07855 51.0469
9.75 1.79758 39.7996
9.75 2.51661 27.3994
9.75 3.23565 16.6556
9.75 3.95468 8.93989
9.75 4.67371 4.237
9.75 5.39274 1.77313
9.75 6.11177 0.655203
9.75 6.83081 0.213779
9.75 7.54984 0.06159
9.75 8.26887 0.0156679
9.75 8.9879 0.00351936
9.75 9.70694 0.000698025
9.75 10.426 0.000122246

